3,1,163,293,335,139,1.0,-1,-1,-1
3,2,845,179,58,50,1.0,-1,-1,-1
3,3,580,113,49,34,1.0,-1,-1,-1
3,4,757,216,175,112,1.0,-1,-1,-1
3,6,665,81,59,42,1.0,-1,-1,-1
3,7,601,146,69,63,1.0,-1,-1,-1
3,8,530,81,41,35,1.0,-1,-1,-1
4,1,211,292,333,138,1.0,-1,-1,-1
4,2,845,176,52,44,1.0,-1,-1,-1
4,3,582,114,48,34,1.0,-1,-1,-1
4,4,775,214,167,108,1.0,-1,-1,-1
4,6,662,81,56,40,1.0,-1,-1,-1
4,7,601,147,68,65,1.0,-1,-1,-1
4,8,532,81,43,36,1.0,-1,-1,-1
5,1,258,292,326,136,1.0,-1,-1,-1
5,2,845,174,48,40,1.0,-1,-1,-1
5,3,583,115,50,35,1.0,-1,-1,-1
5,4,788,208,165,108,1.0,-1,-1,-1
5,6,658,80,56,40,1.0,-1,-1,-1
5,7,600,149,69,65,1.0,-1,-1,-1
5,8,534,81,43,36,1.0,-1,-1,-1
6,1,302,289,324,135,1.0,-1,-1,-1
6,2,837,171,59,49,1.0,-1,-1,-1
6,3,584,116,51,35,1.0,-1,-1,-1
6,4,801,205,160,104,1.0,-1,-1,-1
6,6,655,79,55,39,1.0,-1,-1,-1
6,7,598,151,70,65,1.0,-1,-1,-1
6,8,535,81,44,37,1.0,-1,-1,-1
7,1,346,287,322,134,1.0,-1,-1,-1
7,2,834,167,59,48,1.0,-1,-1,-1
7,3,586,117,50,35,1.0,-1,-1,-1
7,4,815,203,150,100,1.0,-1,-1,-1
7,6,652,78,55,39,1.0,-1,-1,-1
7,7,597,152,70,66,1.0,-1,-1,-1
7,8,536,81,45,38,1.0,-1,-1,-1
8,1,387,285,318,133,1.0,-1,-1,-1
8,2,831,165,58,46,1.0,-1,-1,-1
8,3,587,118,51,36,1.0,-1,-1,-1
8,4,825,200,143,96,1.0,-1,-1,-1
8,6,649,77,54,39,1.0,-1,-1,-1
8,7,595,154,71,66,1.0,-1,-1,-1
8,8,538,81,45,38,1.0,-1,-1,-1
9,1,427,284,312,131,1.0,-1,-1,-1
9,2,826,162,57,45,1.0,-1,-1,-1
9,3,588,119,52,37,1.0,-1,-1,-1
9,4,832,196,140,95,1.0,-1,-1,-1
9,6,647,77,53,38,1.0,-1,-1,-1
9,7,592,155,73,68,1.0,-1,-1,-1
9,8,539,82,46,38,1.0,-1,-1,-1
10,1,467,281,310,130,1.0,-1,-1,-1
10,2,820,159,58,46,1.0,-1,-1,-1
10,3,589,120,52,37,1.0,-1,-1,-1
10,4,840,193,134,93,1.0,-1,-1,-1
10,6,644,76,52,37,1.0,-1,-1,-1
10,7,589,157,74,69,1.0,-1,-1,-1
10,8,540,82,47,38,1.0,-1,-1,-1
11,1,507,281,299,125,1.0,-1,-1,-1
11,2,817,157,58,45,1.0,-1,-1,-1
11,3,590,121,53,38,1.0,-1,-1,-1
11,4,845,190,128,91,1.0,-1,-1,-1
11,6,641,75,52,37,1.0,-1,-1,-1
11,7,586,159,75,70,1.0,-1,-1,-1
11,8,542,82,46,39,1.0,-1,-1,-1
12,1,543,279,293,123,1.0,-1,-1,-1
12,2,813,154,57,45,1.0,-1,-1,-1
12,3,591,123,54,38,1.0,-1,-1,-1
12,4,848,185,124,91,1.0,-1,-1,-1
12,6,638,74,51,37,1.0,-1,-1,-1
12,7,584,161,75,70,1.0,-1,-1,-1
12,8,549,87,44,38,1.0,-1,-1,-1
13,1,577,275,289,123,1.0,-1,-1,-1
13,2,809,152,56,43,1.0,-1,-1,-1
13,3,593,124,53,38,1.0,-1,-1,-1
13,4,852,182,118,88,1.0,-1,-1,-1
13,6,635,73,51,37,1.0,-1,-1,-1
13,7,580,162,77,71,1.0,-1,-1,-1
13,8,550,88,45,37,1.0,-1,-1,-1
14,1,607,272,286,123,1.0,-1,-1,-1
14,2,804,150,56,42,1.0,-1,-1,-1
14,3,593,125,55,40,1.0,-1,-1,-1
14,4,859,179,115,86,1.0,-1,-1,-1
14,6,632,72,50,36,1.0,-1,-1,-1
14,7,576,164,79,72,1.0,-1,-1,-1
14,8,552,89,45,38,1.0,-1,-1,-1
15,1,637,269,281,122,1.0,-1,-1,-1
15,2,800,147,55,42,1.0,-1,-1,-1
15,3,595,126,54,40,1.0,-1,-1,-1
15,4,866,176,112,84,1.0,-1,-1,-1
15,6,630,72,49,35,1.0,-1,-1,-1
15,7,571,164,83,76,1.0,-1,-1,-1
15,8,554,90,45,38,1.0,-1,-1,-1
16,1,666,266,273,120,1.0,-1,-1,-1
16,2,796,145,55,41,1.0,-1,-1,-1
16,3,597,129,53,39,1.0,-1,-1,-1
16,4,873,172,109,82,1.0,-1,-1,-1
16,6,627,71,48,35,1.0,-1,-1,-1
16,7,567,167,83,75,1.0,-1,-1,-1
16,8,556,90,45,39,1.0,-1,-1,-1
17,1,695,263,265,117,1.0,-1,-1,-1
17,2,791,143,55,40,1.0,-1,-1,-1
17,3,598,130,53,39,1.0,-1,-1,-1
17,4,880,169,106,80,1.0,-1,-1,-1
17,6,624,70,48,34,1.0,-1,-1,-1
17,7,563,168,85,76,1.0,-1,-1,-1
17,8,558,91,45,39,1.0,-1,-1,-1
18,1,719,260,256,116,1.0,-1,-1,-1
18,2,786,140,55,40,1.0,-1,-1,-1
18,3,599,131,53,40,1.0,-1,-1,-1
18,4,856,169,87,82,1.0,-1,-1,-1
18,6,608,70,47,34,1.0,-1,-1,-1
18,7,557,170,88,77,1.0,-1,-1,-1
18,8,559,92,47,39,1.0,-1,-1,-1
19,1,742,256,247,114,1.0,-1,-1,-1
19,2,782,138,54,39,1.0,-1,-1,-1
19,3,601,134,51,38,1.0,-1,-1,-1
19,4,853,166,86,80,1.0,-1,-1,-1
19,6,605,70,46,32,1.0,-1,-1,-1
19,7,551,171,90,78,1.0,-1,-1,-1
19,8,560,92,48,40,1.0,-1,-1,-1
20,1,764,253,238,112,1.0,-1,-1,-1
20,2,778,136,54,39,1.0,-1,-1,-1
20,3,601,135,52,39,1.0,-1,-1,-1
20,4,850,162,85,79,1.0,-1,-1,-1
20,6,601,69,45,32,1.0,-1,-1,-1
20,7,545,173,91,78,1.0,-1,-1,-1
20,8,561,93,48,40,1.0,-1,-1,-1
21,1,785,251,227,109,1.0,-1,-1,-1
21,2,774,134,53,38,1.0,-1,-1,-1
21,3,602,137,52,39,1.0,-1,-1,-1
21,4,847,160,82,77,1.0,-1,-1,-1
21,6,597,68,45,32,1.0,-1,-1,-1
21,7,539,175,93,78,1.0,-1,-1,-1
21,8,564,95,46,39,1.0,-1,-1,-1
22,1,805,247,216,107,1.0,-1,-1,-1
22,2,770,132,52,38,1.0,-1,-1,-1
22,3,601,138,55,41,1.0,-1,-1,-1
22,4,843,158,81,74,1.0,-1,-1,-1
22,6,592,67,45,32,1.0,-1,-1,-1
22,7,532,176,97,79,1.0,-1,-1,-1
22,8,565,96,47,40,1.0,-1,-1,-1
23,1,821,244,209,105,1.0,-1,-1,-1
23,2,766,130,52,37,1.0,-1,-1,-1
23,3,602,139,55,42,1.0,-1,-1,-1
23,4,839,156,79,72,1.0,-1,-1,-1
23,6,588,67,45,32,1.0,-1,-1,-1
23,7,524,178,100,80,1.0,-1,-1,-1
23,8,567,97,47,40,1.0,-1,-1,-1
24,1,837,241,200,103,1.0,-1,-1,-1
24,2,762,128,51,36,1.0,-1,-1,-1
24,3,603,141,55,41,1.0,-1,-1,-1
24,4,834,151,80,73,1.0,-1,-1,-1
24,6,584,66,45,31,1.0,-1,-1,-1
24,7,517,179,103,81,1.0,-1,-1,-1
24,8,568,97,49,41,1.0,-1,-1,-1
25,1,852,238,190,100,1.0,-1,-1,-1
25,2,757,126,51,36,1.0,-1,-1,-1
25,3,604,142,54,42,1.0,-1,-1,-1
25,4,829,150,79,70,1.0,-1,-1,-1
25,6,580,66,45,31,1.0,-1,-1,-1
25,7,508,181,107,82,1.0,-1,-1,-1
25,8,569,97,50,43,1.0,-1,-1,-1
26,1,864,233,183,99,1.0,-1,-1,-1
26,2,753,124,50,35,1.0,-1,-1,-1
26,3,604,143,56,43,1.0,-1,-1,-1
26,4,825,148,78,69,1.0,-1,-1,-1
26,6,576,65,44,31,1.0,-1,-1,-1
26,7,499,182,112,84,1.0,-1,-1,-1
26,8,571,98,50,43,1.0,-1,-1,-1
27,1,875,230,174,97,1.0,-1,-1,-1
27,2,749,122,49,34,1.0,-1,-1,-1
27,3,604,144,57,44,1.0,-1,-1,-1
27,4,820,145,77,69,1.0,-1,-1,-1
27,6,572,64,44,31,1.0,-1,-1,-1
27,7,488,183,117,85,1.0,-1,-1,-1
27,8,572,99,50,43,1.0,-1,-1,-1
28,1,886,227,164,95,1.0,-1,-1,-1
28,2,744,120,50,34,1.0,-1,-1,-1
28,3,604,145,58,45,1.0,-1,-1,-1
28,4,814,143,77,67,1.0,-1,-1,-1
28,6,568,64,44,30,1.0,-1,-1,-1
28,7,479,184,119,86,1.0,-1,-1,-1
28,8,573,99,51,44,1.0,-1,-1,-1
29,1,895,224,155,93,1.0,-1,-1,-1
29,2,739,118,49,34,1.0,-1,-1,-1
29,3,604,146,59,46,1.0,-1,-1,-1
29,4,809,140,76,66,1.0,-1,-1,-1
29,6,563,62,44,31,1.0,-1,-1,-1
29,7,468,187,123,86,1.0,-1,-1,-1
29,8,575,102,49,42,1.0,-1,-1,-1
30,1,902,221,149,91,1.0,-1,-1,-1
30,2,735,116,49,34,1.0,-1,-1,-1
30,3,604,148,59,46,1.0,-1,-1,-1
30,4,804,138,75,64,1.0,-1,-1,-1
30,6,559,62,43,30,1.0,-1,-1,-1
30,7,458,188,126,87,1.0,-1,-1,-1
30,8,576,102,51,44,1.0,-1,-1,-1
31,1,909,219,141,88,1.0,-1,-1,-1
31,2,731,115,48,33,1.0,-1,-1,-1
31,3,603,149,60,47,1.0,-1,-1,-1
31,4,799,136,74,63,1.0,-1,-1,-1
31,6,555,61,43,30,1.0,-1,-1,-1
31,7,451,190,128,87,1.0,-1,-1,-1
31,8,577,103,52,45,1.0,-1,-1,-1
32,1,913,216,137,88,1.0,-1,-1,-1
32,2,726,113,48,33,1.0,-1,-1,-1
32,3,603,150,61,48,1.0,-1,-1,-1
32,4,794,134,74,62,1.0,-1,-1,-1
32,6,551,61,42,29,1.0,-1,-1,-1
32,7,445,191,129,89,1.0,-1,-1,-1
32,8,579,104,51,45,1.0,-1,-1,-1
33,1,917,212,129,87,1.0,-1,-1,-1
33,2,722,111,48,33,1.0,-1,-1,-1
33,3,604,152,60,48,1.0,-1,-1,-1
33,4,789,131,72,61,1.0,-1,-1,-1
33,6,547,60,42,29,1.0,-1,-1,-1
33,7,438,193,131,89,1.0,-1,-1,-1
33,8,580,106,51,44,1.0,-1,-1,-1
34,1,919,209,124,86,1.0,-1,-1,-1
34,2,719,110,46,32,1.0,-1,-1,-1
34,3,603,153,61,49,1.0,-1,-1,-1
34,4,785,130,71,59,1.0,-1,-1,-1
34,6,544,59,40,29,1.0,-1,-1,-1
34,7,432,194,131,90,1.0,-1,-1,-1
34,8,581,106,53,46,1.0,-1,-1,-1
34,9,46,409,166,213,1.0,-1,-1,-1
35,1,922,207,117,84,1.0,-1,-1,-1
35,2,715,108,46,32,1.0,-1,-1,-1
35,3,603,154,61,50,1.0,-1,-1,-1
35,4,780,128,71,58,1.0,-1,-1,-1
35,6,540,58,40,29,1.0,-1,-1,-1
35,7,425,196,133,91,1.0,-1,-1,-1
35,8,582,107,54,47,1.0,-1,-1,-1
35,9,73,413,178,220,1.0,-1,-1,-1
36,1,922,205,112,81,1.0,-1,-1,-1
36,2,711,107,45,30,1.0,-1,-1,-1
36,3,602,155,62,50,1.0,-1,-1,-1
36,4,776,126,69,57,1.0,-1,-1,-1
36,6,536,59,40,28,1.0,-1,-1,-1
36,7,367,195,183,93,1.0,-1,-1,-1
36,8,583,107,55,48,1.0,-1,-1,-1
36,9,101,418,193,227,1.0,-1,-1,-1
37,1,921,201,108,80,1.0,-1,-1,-1
37,2,707,106,44,30,1.0,-1,-1,-1
37,3,601,156,63,51,1.0,-1,-1,-1
37,4,771,124,70,57,1.0,-1,-1,-1
37,6,532,59,39,27,1.0,-1,-1,-1
37,7,354,196,186,95,1.0,-1,-1,-1
37,8,584,108,55,48,1.0,-1,-1,-1
37,9,133,427,209,228,1.0,-1,-1,-1
38,1,919,198,105,79,1.0,-1,-1,-1
38,2,702,104,44,30,1.0,-1,-1,-1
38,3,601,158,62,50,1.0,-1,-1,-1
38,4,767,121,69,57,1.0,-1,-1,-1
38,6,527,58,39,27,1.0,-1,-1,-1
38,7,340,198,186,94,1.0,-1,-1,-1
38,8,584,109,56,49,1.0,-1,-1,-1
38,9,158,430,214,234,1.0,-1,-1,-1
39,1,917,195,101,77,1.0,-1,-1,-1
39,2,698,103,44,30,1.0,-1,-1,-1
39,3,601,160,61,50,1.0,-1,-1,-1
39,4,763,120,67,55,1.0,-1,-1,-1
39,6,523,57,39,27,1.0,-1,-1,-1
39,7,326,202,185,93,1.0,-1,-1,-1
39,8,585,110,56,50,1.0,-1,-1,-1
39,9,111,445,504,239,1.0,-1,-1,-1
40,1,915,193,97,75,1.0,-1,-1,-1
40,2,693,101,44,30,1.0,-1,-1,-1
40,3,600,162,62,50,1.0,-1,-1,-1
40,4,758,119,67,54,1.0,-1,-1,-1
40,6,518,57,40,27,1.0,-1,-1,-1
40,7,310,204,188,93,1.0,-1,-1,-1
40,8,586,112,56,49,1.0,-1,-1,-1
40,9,189,454,512,242,1.0,-1,-1,-1
40,10,607,74,44,28,1.0,-1,-1,-1
41,1,912,190,96,74,1.0,-1,-1,-1
41,2,689,100,44,29,1.0,-1,-1,-1
41,3,600,163,63,51,1.0,-1,-1,-1
41,4,754,116,67,54,1.0,-1,-1,-1
41,6,514,56,40,27,1.0,-1,-1,-1
41,7,294,205,191,94,1.0,-1,-1,-1
41,8,587,113,57,50,1.0,-1,-1,-1
41,9,269,462,524,246,1.0,-1,-1,-1
41,10,606,74,43,27,1.0,-1,-1,-1
42,1,908,187,95,74,1.0,-1,-1,-1
42,2,685,99,43,29,1.0,-1,-1,-1
42,3,599,164,64,52,1.0,-1,-1,-1
42,4,750,114,66,54,1.0,-1,-1,-1
42,6,511,56,39,26,1.0,-1,-1,-1
42,7,278,206,194,95,1.0,-1,-1,-1
42,8,589,114,57,51,1.0,-1,-1,-1
42,9,361,471,527,247,1.0,-1,-1,-1
42,10,604,74,43,27,1.0,-1,-1,-1
43,1,904,185,91,70,1.0,-1,-1,-1
43,2,681,98,42,28,1.0,-1,-1,-1
43,3,598,166,65,52,1.0,-1,-1,-1
43,4,746,113,65,52,1.0,-1,-1,-1
43,6,507,55,39,26,1.0,-1,-1,-1
43,7,262,208,196,94,1.0,-1,-1,-1
43,8,589,114,59,53,1.0,-1,-1,-1
43,10,602,73,43,28,1.0,-1,-1,-1
44,1,899,182,91,71,1.0,-1,-1,-1
44,2,677,97,42,27,1.0,-1,-1,-1
44,3,598,168,65,52,1.0,-1,-1,-1
44,4,743,111,64,52,1.0,-1,-1,-1
44,6,502,55,38,26,1.0,-1,-1,-1
44,7,246,210,199,94,1.0,-1,-1,-1
44,8,590,115,60,54,1.0,-1,-1,-1
44,10,600,73,43,27,1.0,-1,-1,-1
45,1,894,179,91,70,1.0,-1,-1,-1
45,2,674,96,40,26,1.0,-1,-1,-1
45,3,597,169,66,53,1.0,-1,-1,-1
45,4,739,110,63,50,1.0,-1,-1,-1
45,6,498,55,36,25,1.0,-1,-1,-1
45,7,228,211,203,95,1.0,-1,-1,-1
45,8,591,116,60,54,1.0,-1,-1,-1
45,10,599,73,42,27,1.0,-1,-1,-1
46,1,889,176,90,70,1.0,-1,-1,-1
46,2,669,95,40,26,1.0,-1,-1,-1
46,3,597,170,64,52,1.0,-1,-1,-1
46,4,735,108,62,50,1.0,-1,-1,-1
46,7,209,212,208,96,1.0,-1,-1,-1
46,8,592,118,60,53,1.0,-1,-1,-1
46,10,597,73,42,27,1.0,-1,-1,-1
47,1,884,173,88,69,1.0,-1,-1,-1
47,2,665,94,39,26,1.0,-1,-1,-1
47,3,594,171,68,55,1.0,-1,-1,-1
47,4,731,106,61,49,1.0,-1,-1,-1
47,7,190,214,210,94,1.0,-1,-1,-1
47,8,593,119,60,54,1.0,-1,-1,-1
47,10,580,68,42,27,1.0,-1,-1,-1
48,1,878,172,86,66,1.0,-1,-1,-1
48,2,661,93,38,25,1.0,-1,-1,-1
48,3,592,172,69,55,1.0,-1,-1,-1
48,4,728,105,60,48,1.0,-1,-1,-1
48,7,170,214,215,96,1.0,-1,-1,-1
48,8,594,120,60,54,1.0,-1,-1,-1
48,10,575,67,43,27,1.0,-1,-1,-1
49,1,872,169,84,66,1.0,-1,-1,-1
49,2,656,92,38,24,1.0,-1,-1,-1
49,3,592,173,69,56,1.0,-1,-1,-1
49,4,723,103,60,48,1.0,-1,-1,-1
49,7,151,215,217,95,1.0,-1,-1,-1
49,8,594,121,61,55,1.0,-1,-1,-1
49,10,572,66,42,27,1.0,-1,-1,-1
50,1,865,166,85,65,1.0,-1,-1,-1
50,2,651,91,39,24,1.0,-1,-1,-1
50,3,591,174,69,57,1.0,-1,-1,-1
50,4,720,102,59,47,1.0,-1,-1,-1
50,7,129,215,222,96,1.0,-1,-1,-1
50,8,595,122,61,56,1.0,-1,-1,-1
50,10,568,65,42,27,1.0,-1,-1,-1
51,1,859,164,85,64,1.0,-1,-1,-1
51,2,647,90,39,24,1.0,-1,-1,-1
51,3,590,175,70,56,1.0,-1,-1,-1
51,4,717,101,58,46,1.0,-1,-1,-1
51,7,107,215,228,97,1.0,-1,-1,-1
51,8,595,124,62,56,1.0,-1,-1,-1
51,10,565,65,42,27,1.0,-1,-1,-1
52,1,854,162,83,62,1.0,-1,-1,-1
52,2,644,89,38,24,1.0,-1,-1,-1
52,3,589,176,71,57,1.0,-1,-1,-1
52,4,714,100,56,45,1.0,-1,-1,-1
52,7,88,217,229,95,1.0,-1,-1,-1
52,8,596,125,62,56,1.0,-1,-1,-1
52,10,561,64,42,27,1.0,-1,-1,-1
53,1,848,159,82,62,1.0,-1,-1,-1
53,2,640,88,38,23,1.0,-1,-1,-1
53,3,587,177,73,58,1.0,-1,-1,-1
53,4,710,98,57,45,1.0,-1,-1,-1
53,7,69,217,231,96,1.0,-1,-1,-1
53,8,597,126,62,56,1.0,-1,-1,-1
53,10,557,63,42,27,1.0,-1,-1,-1
54,1,843,157,81,61,1.0,-1,-1,-1
54,2,635,87,38,23,1.0,-1,-1,-1
54,3,587,178,72,58,1.0,-1,-1,-1
54,4,707,97,56,44,1.0,-1,-1,-1
54,7,47,218,235,95,1.0,-1,-1,-1
54,8,598,127,61,57,1.0,-1,-1,-1
54,10,554,62,41,27,1.0,-1,-1,-1
55,1,838,155,79,60,1.0,-1,-1,-1
55,2,631,85,38,24,1.0,-1,-1,-1
55,3,585,179,73,59,1.0,-1,-1,-1
55,4,703,96,55,44,1.0,-1,-1,-1
55,7,26,219,236,95,1.0,-1,-1,-1
55,8,598,128,62,56,1.0,-1,-1,-1
55,10,550,61,41,27,1.0,-1,-1,-1
56,1,832,153,79,59,1.0,-1,-1,-1
56,2,627,85,37,23,1.0,-1,-1,-1
56,3,584,180,73,59,1.0,-1,-1,-1
56,4,700,95,53,43,1.0,-1,-1,-1
56,7,8,219,237,96,1.0,-1,-1,-1
56,8,599,129,62,57,1.0,-1,-1,-1
56,10,546,61,42,26,1.0,-1,-1,-1
57,1,826,150,78,58,1.0,-1,-1,-1
57,2,623,84,36,22,1.0,-1,-1,-1
57,3,583,180,74,60,1.0,-1,-1,-1
57,4,696,94,53,42,1.0,-1,-1,-1
57,8,599,130,63,57,1.0,-1,-1,-1
57,10,543,60,41,26,1.0,-1,-1,-1
58,1,821,148,76,57,1.0,-1,-1,-1
58,2,618,83,37,23,1.0,-1,-1,-1
58,3,582,181,74,60,1.0,-1,-1,-1
58,4,692,92,53,42,1.0,-1,-1,-1
58,8,599,130,64,59,1.0,-1,-1,-1
58,10,539,59,41,27,1.0,-1,-1,-1
59,1,816,146,76,57,1.0,-1,-1,-1
59,2,614,82,36,23,1.0,-1,-1,-1
59,3,581,183,74,60,1.0,-1,-1,-1
59,4,688,91,52,41,1.0,-1,-1,-1
59,8,599,131,65,60,1.0,-1,-1,-1
59,10,535,58,41,27,1.0,-1,-1,-1
60,1,811,143,75,57,1.0,-1,-1,-1
60,2,610,81,36,22,1.0,-1,-1,-1
60,3,581,183,74,61,1.0,-1,-1,-1
60,4,684,89,52,41,1.0,-1,-1,-1
60,8,599,132,65,60,1.0,-1,-1,-1
60,10,532,57,41,27,1.0,-1,-1,-1
61,1,806,142,74,55,1.0,-1,-1,-1
61,2,606,80,36,22,1.0,-1,-1,-1
61,3,580,184,74,61,1.0,-1,-1,-1
61,4,680,88,51,40,1.0,-1,-1,-1
61,8,598,133,68,63,1.0,-1,-1,-1
61,10,528,57,41,26,1.0,-1,-1,-1
61,11,21,405,113,191,1.0,-1,-1,-1
62,1,802,140,72,54,1.0,-1,-1,-1
62,2,602,80,36,21,1.0,-1,-1,-1
62,3,580,184,75,61,1.0,-1,-1,-1
62,4,678,87,51,40,1.0,-1,-1,-1
62,8,599,133,67,63,1.0,-1,-1,-1
62,10,524,56,41,26,1.0,-1,-1,-1
62,11,42,395,130,213,1.0,-1,-1,-1
63,1,797,138,71,53,1.0,-1,-1,-1
63,2,598,79,35,21,1.0,-1,-1,-1
63,3,580,184,75,61,1.0,-1,-1,-1
63,4,674,86,50,39,1.0,-1,-1,-1
63,8,599,135,68,63,1.0,-1,-1,-1
63,10,521,55,40,26,1.0,-1,-1,-1
63,11,64,395,144,225,1.0,-1,-1,-1
64,1,793,136,70,53,1.0,-1,-1,-1
64,2,594,78,35,21,1.0,-1,-1,-1
64,3,579,186,74,60,1.0,-1,-1,-1
64,4,671,85,49,39,1.0,-1,-1,-1
64,8,600,136,67,63,1.0,-1,-1,-1
64,10,517,54,41,26,1.0,-1,-1,-1
64,11,91,398,160,231,1.0,-1,-1,-1
65,1,788,134,69,52,1.0,-1,-1,-1
65,2,589,77,36,21,1.0,-1,-1,-1
65,3,578,186,76,61,1.0,-1,-1,-1
65,4,667,84,49,39,1.0,-1,-1,-1
65,8,600,137,66,62,1.0,-1,-1,-1
65,10,513,53,41,26,1.0,-1,-1,-1
65,11,120,406,179,234,1.0,-1,-1,-1
66,1,784,133,67,50,1.0,-1,-1,-1
66,2,585,77,35,20,1.0,-1,-1,-1
66,3,578,187,75,60,1.0,-1,-1,-1
66,4,663,83,50,39,1.0,-1,-1,-1
66,8,599,138,68,63,1.0,-1,-1,-1
66,10,510,53,40,26,1.0,-1,-1,-1
66,11,147,413,201,239,1.0,-1,-1,-1
66,12,12,425,174,288,1.0,-1,-1,-1
67,1,780,131,66,50,1.0,-1,-1,-1
67,2,581,76,34,20,1.0,-1,-1,-1
67,3,577,187,76,61,1.0,-1,-1,-1
67,4,658,82,50,39,1.0,-1,-1,-1
67,8,599,138,68,64,1.0,-1,-1,-1
67,10,506,52,40,26,1.0,-1,-1,-1
67,11,185,414,232,250,1.0,-1,-1,-1
67,12,20,388,198,323,1.0,-1,-1,-1
68,1,775,129,66,49,1.0,-1,-1,-1
68,2,576,75,35,20,1.0,-1,-1,-1
68,3,576,188,75,60,1.0,-1,-1,-1
68,4,654,81,49,38,1.0,-1,-1,-1
68,8,599,139,69,64,1.0,-1,-1,-1
68,10,502,51,40,26,1.0,-1,-1,-1
68,11,239,423,261,254,1.0,-1,-1,-1
68,12,28,358,220,354,1.0,-1,-1,-1
69,1,771,127,65,49,1.0,-1,-1,-1
69,2,572,75,35,20,1.0,-1,-1,-1
69,3,575,189,75,59,1.0,-1,-1,-1
69,4,650,80,49,37,1.0,-1,-1,-1
69,8,600,139,68,65,1.0,-1,-1,-1
69,10,499,50,40,26,1.0,-1,-1,-1
69,11,305,436,284,253,1.0,-1,-1,-1
69,12,33,316,250,395,1.0,-1,-1,-1
70,1,767,125,64,49,1.0,-1,-1,-1
70,2,568,74,34,20,1.0,-1,-1,-1
70,3,575,189,75,59,1.0,-1,-1,-1
70,4,647,79,48,37,1.0,-1,-1,-1
70,5,492,75,32,23,1.0,-1,-1,-1
70,8,600,140,68,65,1.0,-1,-1,-1
70,11,372,445,310,256,1.0,-1,-1,-1
70,12,43,282,274,425,1.0,-1,-1,-1
71,1,764,123,62,48,1.0,-1,-1,-1
71,2,564,73,33,19,1.0,-1,-1,-1
71,3,575,189,76,61,1.0,-1,-1,-1
71,4,643,78,47,36,1.0,-1,-1,-1
71,5,496,76,33,23,1.0,-1,-1,-1
71,8,600,141,68,65,1.0,-1,-1,-1
71,11,443,452,334,259,1.0,-1,-1,-1
71,12,52,264,298,448,1.0,-1,-1,-1
72,1,761,121,61,48,1.0,-1,-1,-1
72,2,560,73,32,18,1.0,-1,-1,-1
72,3,575,189,77,61,1.0,-1,-1,-1
72,4,639,77,48,37,1.0,-1,-1,-1
72,5,499,76,34,24,1.0,-1,-1,-1
72,8,600,142,68,65,1.0,-1,-1,-1
72,11,523,461,359,259,1.0,-1,-1,-1
72,12,71,261,307,443,1.0,-1,-1,-1
73,1,757,120,60,46,1.0,-1,-1,-1
73,2,556,72,33,19,1.0,-1,-1,-1
73,3,575,190,76,60,1.0,-1,-1,-1
73,4,635,76,48,36,1.0,-1,-1,-1
73,5,502,75,36,26,1.0,-1,-1,-1
73,8,599,142,69,66,1.0,-1,-1,-1
73,12,85,261,321,441,1.0,-1,-1,-1
74,1,753,119,59,45,1.0,-1,-1,-1
74,2,552,72,32,18,1.0,-1,-1,-1
74,3,575,190,76,60,1.0,-1,-1,-1
74,4,631,76,47,34,1.0,-1,-1,-1
74,5,508,78,34,24,1.0,-1,-1,-1
74,8,599,143,68,65,1.0,-1,-1,-1
74,12,97,259,342,447,1.0,-1,-1,-1
75,1,749,117,59,45,1.0,-1,-1,-1
75,2,550,72,30,17,1.0,-1,-1,-1
75,3,575,190,76,60,1.0,-1,-1,-1
75,4,628,75,45,34,1.0,-1,-1,-1
75,5,510,79,34,25,1.0,-1,-1,-1
75,8,598,144,70,65,1.0,-1,-1,-1
75,12,114,254,373,457,1.0,-1,-1,-1
76,1,745,115,58,45,1.0,-1,-1,-1
76,2,545,71,30,17,1.0,-1,-1,-1
76,3,574,190,77,60,1.0,-1,-1,-1
76,4,623,75,46,34,1.0,-1,-1,-1
76,5,512,80,34,25,1.0,-1,-1,-1
76,8,598,144,70,67,1.0,-1,-1,-1
76,12,129,257,395,456,1.0,-1,-1,-1
77,1,742,113,57,44,1.0,-1,-1,-1
77,2,542,71,30,16,1.0,-1,-1,-1
77,3,574,190,77,60,1.0,-1,-1,-1
77,4,620,74,44,33,1.0,-1,-1,-1
77,5,515,81,35,25,1.0,-1,-1,-1
77,8,597,144,71,68,1.0,-1,-1,-1
77,12,147,263,421,451,1.0,-1,-1,-1
78,1,739,112,55,43,1.0,-1,-1,-1
78,2,540,71,29,16,1.0,-1,-1,-1
78,3,574,190,77,60,1.0,-1,-1,-1
78,4,616,74,44,33,1.0,-1,-1,-1
78,5,519,81,34,26,1.0,-1,-1,-1
78,8,597,144,71,68,1.0,-1,-1,-1
78,12,173,271,444,440,1.0,-1,-1,-1
79,1,736,111,54,42,1.0,-1,-1,-1
79,2,534,70,29,16,1.0,-1,-1,-1
79,3,574,190,77,60,1.0,-1,-1,-1
79,4,612,73,44,33,1.0,-1,-1,-1
79,5,522,82,35,26,1.0,-1,-1,-1
79,8,597,144,71,68,1.0,-1,-1,-1
79,12,191,279,472,433,1.0,-1,-1,-1
80,1,733,109,54,42,1.0,-1,-1,-1
80,2,528,68,30,17,1.0,-1,-1,-1
80,3,574,190,77,60,1.0,-1,-1,-1
80,4,608,72,44,32,1.0,-1,-1,-1
80,5,525,83,36,26,1.0,-1,-1,-1
80,8,597,145,71,68,1.0,-1,-1,-1
80,12,217,282,506,430,1.0,-1,-1,-1
81,1,729,107,54,42,1.0,-1,-1,-1
81,2,523,66,31,18,1.0,-1,-1,-1
81,3,574,190,77,60,1.0,-1,-1,-1
81,4,604,71,43,32,1.0,-1,-1,-1
81,5,528,84,39,28,1.0,-1,-1,-1
81,8,597,145,72,69,1.0,-1,-1,-1
81,12,246,282,545,429,1.0,-1,-1,-1
81,13,34,417,127,143,1.0,-1,-1,-1
82,1,726,105,54,42,1.0,-1,-1,-1
82,2,519,65,31,18,1.0,-1,-1,-1
82,3,574,190,77,60,1.0,-1,-1,-1
82,4,600,70,43,32,1.0,-1,-1,-1
82,5,532,85,38,28,1.0,-1,-1,-1
82,8,596,145,73,70,1.0,-1,-1,-1
82,12,355,294,552,414,1.0,-1,-1,-1
82,13,58,416,144,156,1.0,-1,-1,-1
83,1,723,105,53,40,1.0,-1,-1,-1
83,2,514,64,32,19,1.0,-1,-1,-1
83,3,574,190,77,60,1.0,-1,-1,-1
83,4,596,69,43,32,1.0,-1,-1,-1
83,5,537,86,37,28,1.0,-1,-1,-1
83,8,596,145,72,70,1.0,-1,-1,-1
83,12,445,300,570,410,1.0,-1,-1,-1
83,13,87,423,163,168,1.0,-1,-1,-1
84,1,721,104,51,39,1.0,-1,-1,-1
84,2,510,64,32,18,1.0,-1,-1,-1
84,3,574,190,77,60,1.0,-1,-1,-1
84,4,591,68,44,32,1.0,-1,-1,-1
84,5,542,87,36,28,1.0,-1,-1,-1
84,8,597,145,71,69,1.0,-1,-1,-1
84,12,482,305,569,403,1.0,-1,-1,-1
84,13,130,432,184,177,1.0,-1,-1,-1
85,1,717,102,50,39,1.0,-1,-1,-1
85,2,507,63,31,19,1.0,-1,-1,-1
85,3,574,190,77,60,1.0,-1,-1,-1
85,4,587,68,43,31,1.0,-1,-1,-1
85,5,545,88,36,28,1.0,-1,-1,-1
85,8,596,145,71,69,1.0,-1,-1,-1
85,12,553,315,574,397,1.0,-1,-1,-1
85,13,185,440,200,179,1.0,-1,-1,-1
86,1,714,101,50,39,1.0,-1,-1,-1
86,2,503,63,31,18,1.0,-1,-1,-1
86,3,574,190,77,60,1.0,-1,-1,-1
86,4,583,67,42,31,1.0,-1,-1,-1
86,5,548,89,36,28,1.0,-1,-1,-1
86,8,596,145,71,69,1.0,-1,-1,-1
86,12,620,324,570,388,1.0,-1,-1,-1
86,13,238,446,232,194,1.0,-1,-1,-1
87,1,710,100,50,38,1.0,-1,-1,-1
87,2,499,63,28,17,1.0,-1,-1,-1
87,3,574,190,77,60,1.0,-1,-1,-1
87,4,579,67,42,30,1.0,-1,-1,-1
87,5,550,90,37,29,1.0,-1,-1,-1
87,8,596,145,71,69,1.0,-1,-1,-1
87,12,685,333,563,381,1.0,-1,-1,-1
87,13,301,455,262,206,1.0,-1,-1,-1
88,1,708,99,48,37,1.0,-1,-1,-1
88,3,574,190,77,60,1.0,-1,-1,-1
88,4,575,66,41,30,1.0,-1,-1,-1
88,5,552,91,37,29,1.0,-1,-1,-1
88,8,596,145,71,69,1.0,-1,-1,-1
88,13,371,465,287,212,1.0,-1,-1,-1
89,1,704,97,48,37,1.0,-1,-1,-1
89,3,574,190,77,60,1.0,-1,-1,-1
89,4,571,65,41,30,1.0,-1,-1,-1
89,5,554,92,38,30,1.0,-1,-1,-1
89,8,596,145,71,69,1.0,-1,-1,-1
89,13,450,476,308,215,1.0,-1,-1,-1
90,1,701,96,48,37,1.0,-1,-1,-1
90,3,574,190,77,60,1.0,-1,-1,-1
90,4,569,65,40,29,1.0,-1,-1,-1
90,5,556,93,39,30,1.0,-1,-1,-1
90,8,596,145,71,69,1.0,-1,-1,-1
90,13,536,486,327,219,1.0,-1,-1,-1
91,1,697,95,48,36,1.0,-1,-1,-1
91,3,574,190,78,60,1.0,-1,-1,-1
91,4,565,64,40,29,1.0,-1,-1,-1
91,5,558,94,39,30,1.0,-1,-1,-1
91,8,596,145,72,70,1.0,-1,-1,-1
91,13,622,498,343,220,1.0,-1,-1,-1
92,1,694,94,47,36,1.0,-1,-1,-1
92,3,574,190,78,60,1.0,-1,-1,-1
92,4,561,63,40,30,1.0,-1,-1,-1
92,5,560,95,40,30,1.0,-1,-1,-1
92,8,596,146,72,70,1.0,-1,-1,-1
93,1,691,94,46,34,1.0,-1,-1,-1
93,3,574,190,78,60,1.0,-1,-1,-1
93,4,557,63,40,29,1.0,-1,-1,-1
93,5,563,96,40,31,1.0,-1,-1,-1
93,8,596,146,72,69,1.0,-1,-1,-1
94,1,687,93,45,34,1.0,-1,-1,-1
94,3,574,190,78,60,1.0,-1,-1,-1
94,4,553,62,40,29,1.0,-1,-1,-1
94,5,564,97,42,32,1.0,-1,-1,-1
94,8,597,145,71,69,1.0,-1,-1,-1
94,13,920,528,323,189,1.0,-1,-1,-1
95,1,683,92,45,33,1.0,-1,-1,-1
95,3,573,190,79,61,1.0,-1,-1,-1
95,4,549,61,40,29,1.0,-1,-1,-1
95,5,566,97,42,33,1.0,-1,-1,-1
95,8,596,145,71,70,1.0,-1,-1,-1
96,1,679,91,45,33,1.0,-1,-1,-1
96,3,573,190,78,61,1.0,-1,-1,-1
96,4,545,61,39,29,1.0,-1,-1,-1
96,5,568,98,42,33,1.0,-1,-1,-1
96,8,596,145,71,69,1.0,-1,-1,-1
97,1,676,90,44,33,1.0,-1,-1,-1
97,3,573,190,78,61,1.0,-1,-1,-1
97,4,542,61,39,28,1.0,-1,-1,-1
97,5,569,99,44,34,1.0,-1,-1,-1
97,8,596,145,71,69,1.0,-1,-1,-1
98,1,673,89,43,33,1.0,-1,-1,-1
98,3,574,190,77,61,1.0,-1,-1,-1
98,4,538,60,38,29,1.0,-1,-1,-1
98,5,571,100,45,34,1.0,-1,-1,-1
98,8,596,145,71,69,1.0,-1,-1,-1
99,1,669,88,43,32,1.0,-1,-1,-1
99,3,574,190,77,60,1.0,-1,-1,-1
99,4,534,60,38,28,1.0,-1,-1,-1
99,5,573,101,45,35,1.0,-1,-1,-1
99,8,596,145,71,70,1.0,-1,-1,-1
100,1,666,87,43,31,1.0,-1,-1,-1
100,3,574,190,77,60,1.0,-1,-1,-1
100,4,532,59,37,28,1.0,-1,-1,-1
100,5,575,101,45,36,1.0,-1,-1,-1
100,8,596,145,72,70,1.0,-1,-1,-1
101,1,662,86,42,31,1.0,-1,-1,-1
101,3,574,190,77,60,1.0,-1,-1,-1
101,4,528,59,37,27,1.0,-1,-1,-1
101,5,577,103,45,35,1.0,-1,-1,-1
101,8,596,145,72,70,1.0,-1,-1,-1
102,1,658,85,42,30,1.0,-1,-1,-1
102,3,574,190,77,60,1.0,-1,-1,-1
102,4,524,59,37,26,1.0,-1,-1,-1
102,5,579,104,46,36,1.0,-1,-1,-1
102,8,596,145,72,69,1.0,-1,-1,-1
103,1,654,84,42,30,1.0,-1,-1,-1
103,3,574,189,78,60,1.0,-1,-1,-1
103,4,521,58,36,27,1.0,-1,-1,-1
103,5,580,105,46,36,1.0,-1,-1,-1
103,8,596,145,72,70,1.0,-1,-1,-1
104,1,650,83,42,30,1.0,-1,-1,-1
104,3,574,189,78,61,1.0,-1,-1,-1
104,4,517,58,36,26,1.0,-1,-1,-1
104,5,582,106,46,36,1.0,-1,-1,-1
104,8,596,145,72,69,1.0,-1,-1,-1
105,1,645,81,42,31,1.0,-1,-1,-1
105,3,573,188,79,62,1.0,-1,-1,-1
105,4,513,58,36,26,1.0,-1,-1,-1
105,5,583,108,47,36,1.0,-1,-1,-1
105,8,595,145,73,69,1.0,-1,-1,-1
106,1,641,80,42,31,1.0,-1,-1,-1
106,3,573,188,79,61,1.0,-1,-1,-1
106,4,510,57,35,26,1.0,-1,-1,-1
106,5,584,108,47,37,1.0,-1,-1,-1
106,8,596,145,71,69,1.0,-1,-1,-1
107,1,637,79,41,31,1.0,-1,-1,-1
107,3,574,189,77,61,1.0,-1,-1,-1
107,4,508,57,34,25,1.0,-1,-1,-1
107,5,586,109,47,37,1.0,-1,-1,-1
107,8,596,146,70,68,1.0,-1,-1,-1
108,1,633,79,41,29,1.0,-1,-1,-1
108,3,574,189,77,62,1.0,-1,-1,-1
108,4,506,56,34,25,1.0,-1,-1,-1
108,5,587,110,48,38,1.0,-1,-1,-1
108,8,597,146,68,67,1.0,-1,-1,-1
109,1,629,78,41,29,1.0,-1,-1,-1
109,3,574,190,77,60,1.0,-1,-1,-1
109,4,500,55,35,26,1.0,-1,-1,-1
109,5,589,111,48,38,1.0,-1,-1,-1
109,8,597,146,69,68,1.0,-1,-1,-1
109,14,104,444,184,180,1.0,-1,-1,-1
110,1,626,78,39,28,1.0,-1,-1,-1
110,3,575,190,76,60,1.0,-1,-1,-1
110,4,495,54,36,26,1.0,-1,-1,-1
110,5,590,112,48,38,1.0,-1,-1,-1
110,8,597,147,70,67,1.0,-1,-1,-1
110,14,208,457,198,187,1.0,-1,-1,-1
111,1,621,76,40,29,1.0,-1,-1,-1
111,3,575,190,77,60,1.0,-1,-1,-1
111,5,591,113,49,38,1.0,-1,-1,-1
111,8,597,147,70,67,1.0,-1,-1,-1
111,14,333,470,215,193,1.0,-1,-1,-1
112,1,617,76,39,28,1.0,-1,-1,-1
112,3,575,190,76,60,1.0,-1,-1,-1
112,5,593,114,48,38,1.0,-1,-1,-1
112,8,598,146,68,67,1.0,-1,-1,-1
112,14,469,485,235,200,1.0,-1,-1,-1
113,1,612,75,40,28,1.0,-1,-1,-1
113,3,575,190,76,60,1.0,-1,-1,-1
113,5,594,115,48,38,1.0,-1,-1,-1
113,8,597,146,70,68,1.0,-1,-1,-1
113,14,609,502,251,204,1.0,-1,-1,-1
114,1,608,74,39,28,1.0,-1,-1,-1
114,3,574,190,77,60,1.0,-1,-1,-1
114,5,594,117,49,39,1.0,-1,-1,-1
114,8,598,147,68,65,1.0,-1,-1,-1
114,14,748,518,259,201,1.0,-1,-1,-1
115,1,604,74,38,27,1.0,-1,-1,-1
115,3,574,190,77,60,1.0,-1,-1,-1
115,5,596,117,48,39,1.0,-1,-1,-1
115,8,598,147,68,65,1.0,-1,-1,-1
116,1,599,72,39,27,1.0,-1,-1,-1
116,3,574,190,77,60,1.0,-1,-1,-1
116,5,596,118,49,39,1.0,-1,-1,-1
116,8,598,147,68,65,1.0,-1,-1,-1
117,1,595,72,38,26,1.0,-1,-1,-1
117,3,574,190,77,60,1.0,-1,-1,-1
117,5,597,119,50,40,1.0,-1,-1,-1
117,8,598,147,68,64,1.0,-1,-1,-1
118,1,591,71,38,26,1.0,-1,-1,-1
118,3,574,190,77,60,1.0,-1,-1,-1
118,5,599,120,48,39,1.0,-1,-1,-1
118,8,598,146,68,65,1.0,-1,-1,-1
118,15,1199,345,56,99,1.0,-1,-1,-1
119,1,587,71,37,25,1.0,-1,-1,-1
119,3,574,190,78,60,1.0,-1,-1,-1
119,5,600,121,48,38,1.0,-1,-1,-1
119,8,598,146,69,66,1.0,-1,-1,-1
119,15,1176,333,64,108,1.0,-1,-1,-1
120,1,583,70,36,25,1.0,-1,-1,-1
120,3,574,190,78,60,1.0,-1,-1,-1
120,5,601,122,47,38,1.0,-1,-1,-1
120,8,598,146,69,66,1.0,-1,-1,-1
120,15,1150,324,73,115,1.0,-1,-1,-1
121,1,577,69,39,25,1.0,-1,-1,-1
121,3,574,190,78,60,1.0,-1,-1,-1
121,5,602,123,47,37,1.0,-1,-1,-1
121,8,599,148,67,65,1.0,-1,-1,-1
121,15,1120,319,88,123,1.0,-1,-1,-1
122,1,572,68,39,26,1.0,-1,-1,-1
122,3,574,190,78,60,1.0,-1,-1,-1
122,5,603,124,46,37,1.0,-1,-1,-1
122,8,598,147,68,66,1.0,-1,-1,-1
122,15,1091,314,103,129,1.0,-1,-1,-1
123,1,569,68,37,25,1.0,-1,-1,-1
123,3,574,190,78,60,1.0,-1,-1,-1
123,5,601,123,51,41,1.0,-1,-1,-1
123,8,598,148,68,65,1.0,-1,-1,-1
123,15,1056,312,117,129,1.0,-1,-1,-1
124,1,565,68,36,24,1.0,-1,-1,-1
124,3,574,189,77,60,1.0,-1,-1,-1
124,5,602,124,50,40,1.0,-1,-1,-1
124,8,597,147,68,65,1.0,-1,-1,-1
124,15,1010,310,131,129,1.0,-1,-1,-1
125,1,560,67,36,24,1.0,-1,-1,-1
125,3,574,189,77,60,1.0,-1,-1,-1
125,5,602,125,49,39,1.0,-1,-1,-1
125,8,598,148,66,63,1.0,-1,-1,-1
125,15,958,307,142,125,1.0,-1,-1,-1
126,1,555,65,38,26,1.0,-1,-1,-1
126,3,574,190,77,59,1.0,-1,-1,-1
126,5,603,126,49,38,1.0,-1,-1,-1
126,8,598,147,66,63,1.0,-1,-1,-1
126,15,903,303,155,125,1.0,-1,-1,-1
127,1,551,64,38,26,1.0,-1,-1,-1
127,3,574,190,78,60,1.0,-1,-1,-1
127,5,605,127,47,36,1.0,-1,-1,-1
127,8,599,147,66,63,1.0,-1,-1,-1
127,15,847,296,169,126,1.0,-1,-1,-1
128,1,547,64,37,24,1.0,-1,-1,-1
128,3,574,190,78,60,1.0,-1,-1,-1
128,5,607,128,45,33,1.0,-1,-1,-1
128,8,599,150,65,62,1.0,-1,-1,-1
128,15,794,292,179,124,1.0,-1,-1,-1
129,1,544,64,35,24,1.0,-1,-1,-1
129,3,574,190,78,60,1.0,-1,-1,-1
129,5,606,129,46,34,1.0,-1,-1,-1
129,8,599,151,66,61,1.0,-1,-1,-1
129,15,736,289,190,124,1.0,-1,-1,-1
130,1,540,64,34,23,1.0,-1,-1,-1
130,3,574,190,78,60,1.0,-1,-1,-1
130,5,606,129,47,35,1.0,-1,-1,-1
130,8,599,149,67,62,1.0,-1,-1,-1
130,15,681,288,196,121,1.0,-1,-1,-1
131,1,535,63,34,23,1.0,-1,-1,-1
131,3,574,190,78,60,1.0,-1,-1,-1
131,5,608,130,43,31,1.0,-1,-1,-1
131,8,599,150,66,62,1.0,-1,-1,-1
131,15,623,285,206,121,1.0,-1,-1,-1
132,1,529,63,34,22,1.0,-1,-1,-1
132,3,573,190,79,61,1.0,-1,-1,-1
132,5,610,131,41,28,1.0,-1,-1,-1
132,8,599,151,65,62,1.0,-1,-1,-1
132,15,570,283,206,116,1.0,-1,-1,-1
133,1,525,62,34,23,1.0,-1,-1,-1
133,3,573,189,79,62,1.0,-1,-1,-1
133,5,611,132,39,26,1.0,-1,-1,-1
133,8,598,151,66,62,1.0,-1,-1,-1
133,15,517,283,206,110,1.0,-1,-1,-1
134,1,520,62,34,22,1.0,-1,-1,-1
134,3,573,189,79,62,1.0,-1,-1,-1
134,5,611,132,39,25,1.0,-1,-1,-1
134,8,598,151,66,62,1.0,-1,-1,-1
134,15,459,278,217,112,1.0,-1,-1,-1
135,1,516,61,34,22,1.0,-1,-1,-1
135,3,573,189,79,62,1.0,-1,-1,-1
135,5,611,133,38,23,1.0,-1,-1,-1
135,8,596,149,68,63,1.0,-1,-1,-1
135,15,406,275,220,110,1.0,-1,-1,-1
135,16,181,482,250,205,1.0,-1,-1,-1
136,1,512,61,34,22,1.0,-1,-1,-1
136,3,574,190,78,60,1.0,-1,-1,-1
136,5,611,133,39,23,1.0,-1,-1,-1
136,8,598,151,66,61,1.0,-1,-1,-1
136,15,353,273,222,107,1.0,-1,-1,-1
136,16,353,500,262,208,1.0,-1,-1,-1
137,1,509,59,34,23,1.0,-1,-1,-1
137,3,574,190,78,60,1.0,-1,-1,-1
137,5,614,133,37,21,1.0,-1,-1,-1
137,8,599,151,65,61,1.0,-1,-1,-1
137,15,301,269,225,107,1.0,-1,-1,-1
137,16,553,522,260,196,1.0,-1,-1,-1
137,17,1039,348,205,140,1.0,-1,-1,-1
138,1,507,59,33,22,1.0,-1,-1,-1
138,3,574,190,78,60,1.0,-1,-1,-1
138,5,612,134,38,21,1.0,-1,-1,-1
138,8,599,149,66,62,1.0,-1,-1,-1
138,15,250,267,226,105,1.0,-1,-1,-1
138,17,1002,343,211,142,1.0,-1,-1,-1
139,1,503,59,31,22,1.0,-1,-1,-1
139,3,574,190,78,60,1.0,-1,-1,-1
139,5,612,134,38,21,1.0,-1,-1,-1
139,8,599,149,66,61,1.0,-1,-1,-1
139,15,199,263,227,103,1.0,-1,-1,-1
139,17,947,339,216,141,1.0,-1,-1,-1
139,18,1203,292,62,73,1.0,-1,-1,-1
140,1,496,58,31,22,1.0,-1,-1,-1
140,3,574,190,78,60,1.0,-1,-1,-1
140,5,611,135,39,21,1.0,-1,-1,-1
140,8,598,149,68,63,1.0,-1,-1,-1
140,15,149,259,229,103,1.0,-1,-1,-1
140,17,888,333,221,142,1.0,-1,-1,-1
140,18,1181,282,77,89,1.0,-1,-1,-1
141,3,574,190,78,60,1.0,-1,-1,-1
141,5,610,135,39,21,1.0,-1,-1,-1
141,8,598,150,67,61,1.0,-1,-1,-1
141,15,100,257,230,102,1.0,-1,-1,-1
141,17,823,329,226,140,1.0,-1,-1,-1
141,18,1163,274,86,96,1.0,-1,-1,-1
142,3,574,190,78,60,1.0,-1,-1,-1
142,5,610,136,39,20,1.0,-1,-1,-1
142,8,597,149,68,63,1.0,-1,-1,-1
142,15,55,254,226,100,1.0,-1,-1,-1
142,17,759,325,232,139,1.0,-1,-1,-1
142,18,1146,267,94,99,1.0,-1,-1,-1
143,3,574,190,78,60,1.0,-1,-1,-1
143,5,609,136,42,21,1.0,-1,-1,-1
143,8,598,149,67,62,1.0,-1,-1,-1
143,15,9,251,225,98,1.0,-1,-1,-1
143,17,695,320,236,138,1.0,-1,-1,-1
143,18,1126,260,101,100,1.0,-1,-1,-1
144,3,574,190,78,60,1.0,-1,-1,-1
144,5,609,137,42,21,1.0,-1,-1,-1
144,8,597,149,68,63,1.0,-1,-1,-1
144,17,628,315,242,138,1.0,-1,-1,-1
144,18,1103,255,105,98,1.0,-1,-1,-1
145,3,574,190,78,60,1.0,-1,-1,-1
145,5,609,138,43,20,1.0,-1,-1,-1
145,8,597,149,69,63,1.0,-1,-1,-1
145,17,566,311,241,132,1.0,-1,-1,-1
145,18,1078,249,108,96,1.0,-1,-1,-1
146,3,574,190,78,60,1.0,-1,-1,-1
146,5,609,138,44,21,1.0,-1,-1,-1
146,8,597,149,69,63,1.0,-1,-1,-1
146,17,506,306,243,131,1.0,-1,-1,-1
146,18,1055,244,110,93,1.0,-1,-1,-1
147,3,574,190,78,60,1.0,-1,-1,-1
147,5,608,138,46,22,1.0,-1,-1,-1
147,8,597,149,68,63,1.0,-1,-1,-1
147,17,439,301,250,132,1.0,-1,-1,-1
147,18,1032,239,111,92,1.0,-1,-1,-1
148,3,574,190,78,60,1.0,-1,-1,-1
148,5,609,139,44,20,1.0,-1,-1,-1
148,8,597,147,69,64,1.0,-1,-1,-1
148,17,380,297,249,129,1.0,-1,-1,-1
148,18,1011,235,112,88,1.0,-1,-1,-1
149,3,574,190,78,60,1.0,-1,-1,-1
149,5,609,139,44,20,1.0,-1,-1,-1
149,8,596,146,70,65,1.0,-1,-1,-1
149,17,320,294,248,126,1.0,-1,-1,-1
149,18,994,230,111,85,1.0,-1,-1,-1
150,3,573,189,79,60,1.0,-1,-1,-1
150,5,609,139,44,20,1.0,-1,-1,-1
150,8,597,148,69,64,1.0,-1,-1,-1
150,17,262,292,245,121,1.0,-1,-1,-1
150,18,977,226,111,83,1.0,-1,-1,-1
151,3,574,190,78,60,1.0,-1,-1,-1
151,5,610,139,42,19,1.0,-1,-1,-1
151,8,597,149,68,63,1.0,-1,-1,-1
151,17,203,288,245,120,1.0,-1,-1,-1
151,18,960,221,112,82,1.0,-1,-1,-1
152,3,574,190,78,60,1.0,-1,-1,-1
152,5,610,140,42,17,1.0,-1,-1,-1
152,8,597,149,68,63,1.0,-1,-1,-1
152,17,146,284,243,118,1.0,-1,-1,-1
152,18,947,217,109,79,1.0,-1,-1,-1
153,3,573,190,79,60,1.0,-1,-1,-1
153,5,610,140,42,17,1.0,-1,-1,-1
153,8,596,148,69,64,1.0,-1,-1,-1
153,17,88,281,243,116,1.0,-1,-1,-1
153,18,933,212,109,79,1.0,-1,-1,-1
154,3,574,190,78,60,1.0,-1,-1,-1
154,5,610,140,42,17,1.0,-1,-1,-1
154,8,595,147,71,66,1.0,-1,-1,-1
154,17,36,279,238,112,1.0,-1,-1,-1
154,18,922,208,106,76,1.0,-1,-1,-1
155,3,574,190,77,60,1.0,-1,-1,-1
155,5,610,140,42,17,1.0,-1,-1,-1
155,8,596,148,70,65,1.0,-1,-1,-1
155,18,911,203,105,75,1.0,-1,-1,-1
156,3,574,190,78,60,1.0,-1,-1,-1
156,5,610,140,43,17,1.0,-1,-1,-1
156,8,595,147,72,67,1.0,-1,-1,-1
156,18,902,199,102,73,1.0,-1,-1,-1
157,3,574,190,78,60,1.0,-1,-1,-1
157,5,610,141,42,16,1.0,-1,-1,-1
157,8,595,145,73,69,1.0,-1,-1,-1
157,18,892,194,101,72,1.0,-1,-1,-1
158,3,574,190,77,60,1.0,-1,-1,-1
158,5,611,141,41,16,1.0,-1,-1,-1
158,8,595,144,73,70,1.0,-1,-1,-1
158,18,884,191,98,70,1.0,-1,-1,-1
158,19,1153,309,83,128,1.0,-1,-1,-1
159,3,574,190,78,60,1.0,-1,-1,-1
159,5,611,141,40,16,1.0,-1,-1,-1
159,8,595,144,73,69,1.0,-1,-1,-1
159,18,871,186,97,69,1.0,-1,-1,-1
159,19,1119,302,91,133,1.0,-1,-1,-1
160,3,574,190,78,60,1.0,-1,-1,-1
160,5,612,142,39,15,1.0,-1,-1,-1
160,8,594,143,74,70,1.0,-1,-1,-1
160,18,859,181,95,69,1.0,-1,-1,-1
160,19,1098,294,95,138,1.0,-1,-1,-1
161,3,573,190,79,61,1.0,-1,-1,-1
161,5,612,142,39,15,1.0,-1,-1,-1
161,8,595,143,72,70,1.0,-1,-1,-1
161,18,846,177,94,67,1.0,-1,-1,-1
161,19,1076,286,100,144,1.0,-1,-1,-1
162,3,573,190,79,61,1.0,-1,-1,-1
162,5,613,142,37,15,1.0,-1,-1,-1
162,8,595,143,72,70,1.0,-1,-1,-1
162,18,853,176,90,65,1.0,-1,-1,-1
162,19,889,290,302,145,1.0,-1,-1,-1
163,3,574,190,78,61,1.0,-1,-1,-1
163,5,613,142,37,15,1.0,-1,-1,-1
163,8,595,144,72,69,1.0,-1,-1,-1
163,18,848,173,87,64,1.0,-1,-1,-1
163,19,819,285,304,145,1.0,-1,-1,-1
164,3,574,189,79,62,1.0,-1,-1,-1
164,5,614,143,35,14,1.0,-1,-1,-1
164,8,596,144,71,69,1.0,-1,-1,-1
164,18,841,170,86,63,1.0,-1,-1,-1
164,19,759,282,299,141,1.0,-1,-1,-1
165,3,574,189,79,61,1.0,-1,-1,-1
165,5,614,143,35,14,1.0,-1,-1,-1
165,8,596,144,71,69,1.0,-1,-1,-1
165,18,835,166,84,62,1.0,-1,-1,-1
165,19,689,276,305,142,1.0,-1,-1,-1
166,3,574,189,80,61,1.0,-1,-1,-1
166,5,603,142,58,23,1.0,-1,-1,-1
166,8,596,145,71,69,1.0,-1,-1,-1
166,18,826,162,82,61,1.0,-1,-1,-1
166,19,626,271,303,140,1.0,-1,-1,-1
167,3,574,189,79,62,1.0,-1,-1,-1
167,5,603,143,57,22,1.0,-1,-1,-1
167,8,596,146,70,68,1.0,-1,-1,-1
167,18,824,160,78,58,1.0,-1,-1,-1
167,19,563,269,299,137,1.0,-1,-1,-1
168,3,573,189,80,62,1.0,-1,-1,-1
168,5,603,143,58,23,1.0,-1,-1,-1
168,8,596,145,70,69,1.0,-1,-1,-1
168,18,820,158,75,56,1.0,-1,-1,-1
168,19,499,266,298,134,1.0,-1,-1,-1
169,3,573,189,79,62,1.0,-1,-1,-1
169,5,603,143,58,24,1.0,-1,-1,-1
169,8,596,144,70,69,1.0,-1,-1,-1
169,18,812,154,73,55,1.0,-1,-1,-1
169,19,436,263,294,132,1.0,-1,-1,-1
170,3,573,188,78,62,1.0,-1,-1,-1
170,5,602,143,60,24,1.0,-1,-1,-1
170,8,596,144,70,69,1.0,-1,-1,-1
170,18,808,152,72,55,1.0,-1,-1,-1
170,19,371,258,298,132,1.0,-1,-1,-1
171,3,573,189,78,61,1.0,-1,-1,-1
171,5,602,144,60,24,1.0,-1,-1,-1
171,8,596,144,70,69,1.0,-1,-1,-1
171,18,803,149,71,53,1.0,-1,-1,-1
171,19,311,254,295,130,1.0,-1,-1,-1
172,3,573,188,78,62,1.0,-1,-1,-1
172,5,602,144,61,24,1.0,-1,-1,-1
172,8,596,144,70,69,1.0,-1,-1,-1
172,18,798,146,69,53,1.0,-1,-1,-1
172,19,253,252,289,126,1.0,-1,-1,-1
173,3,574,189,77,61,1.0,-1,-1,-1
173,5,601,144,62,25,1.0,-1,-1,-1
173,8,596,145,69,68,1.0,-1,-1,-1
173,18,794,144,67,51,1.0,-1,-1,-1
173,19,195,250,286,123,1.0,-1,-1,-1
174,3,574,190,77,60,1.0,-1,-1,-1
174,5,601,144,63,25,1.0,-1,-1,-1
174,8,596,144,70,69,1.0,-1,-1,-1
174,18,787,141,66,50,1.0,-1,-1,-1
174,19,137,246,284,122,1.0,-1,-1,-1
175,3,574,190,77,60,1.0,-1,-1,-1
175,5,600,144,64,26,1.0,-1,-1,-1
175,8,597,144,69,69,1.0,-1,-1,-1
175,18,785,139,64,49,1.0,-1,-1,-1
175,19,81,244,278,119,1.0,-1,-1,-1
176,3,574,190,77,60,1.0,-1,-1,-1
176,5,600,145,65,25,1.0,-1,-1,-1
176,8,597,144,69,69,1.0,-1,-1,-1
176,18,781,136,63,49,1.0,-1,-1,-1
176,19,27,242,273,116,1.0,-1,-1,-1
177,3,574,190,77,60,1.0,-1,-1,-1
177,5,600,145,65,26,1.0,-1,-1,-1
177,8,597,144,69,69,1.0,-1,-1,-1
177,18,777,134,61,47,1.0,-1,-1,-1
178,3,574,190,77,60,1.0,-1,-1,-1
178,5,599,145,67,27,1.0,-1,-1,-1
178,8,596,144,70,69,1.0,-1,-1,-1
178,18,773,132,59,46,1.0,-1,-1,-1
179,3,573,188,78,62,1.0,-1,-1,-1
179,5,599,145,67,27,1.0,-1,-1,-1
179,8,596,144,69,68,1.0,-1,-1,-1
179,18,768,129,59,46,1.0,-1,-1,-1
180,3,573,188,78,61,1.0,-1,-1,-1
180,5,599,146,68,27,1.0,-1,-1,-1
180,8,596,144,69,69,1.0,-1,-1,-1
180,18,764,127,57,45,1.0,-1,-1,-1
181,3,574,189,77,61,1.0,-1,-1,-1
181,5,598,146,69,27,1.0,-1,-1,-1
181,8,596,144,70,69,1.0,-1,-1,-1
181,18,760,125,56,44,1.0,-1,-1,-1
182,3,574,189,78,62,1.0,-1,-1,-1
182,5,598,146,70,28,1.0,-1,-1,-1
182,8,596,144,70,70,1.0,-1,-1,-1
182,18,756,123,55,43,1.0,-1,-1,-1
183,3,574,189,79,62,1.0,-1,-1,-1
183,5,597,146,71,28,1.0,-1,-1,-1
183,8,597,144,69,70,1.0,-1,-1,-1
183,18,752,120,55,43,1.0,-1,-1,-1
184,3,575,190,77,60,1.0,-1,-1,-1
184,5,597,146,72,29,1.0,-1,-1,-1
184,8,597,144,70,70,1.0,-1,-1,-1
184,18,749,119,52,40,1.0,-1,-1,-1
185,3,575,190,76,60,1.0,-1,-1,-1
185,5,597,147,72,29,1.0,-1,-1,-1
185,8,597,144,69,70,1.0,-1,-1,-1
185,18,745,116,52,41,1.0,-1,-1,-1
186,3,575,190,76,60,1.0,-1,-1,-1
186,5,596,147,74,29,1.0,-1,-1,-1
186,8,597,144,69,70,1.0,-1,-1,-1
186,18,742,115,49,38,1.0,-1,-1,-1
187,3,574,189,79,61,1.0,-1,-1,-1
187,5,596,147,74,30,1.0,-1,-1,-1
187,8,597,144,69,70,1.0,-1,-1,-1
187,18,737,113,50,38,1.0,-1,-1,-1
188,3,574,190,78,60,1.0,-1,-1,-1
188,5,596,147,75,30,1.0,-1,-1,-1
188,8,596,145,70,69,1.0,-1,-1,-1
188,18,733,111,49,38,1.0,-1,-1,-1
189,3,574,190,77,60,1.0,-1,-1,-1
189,5,595,148,76,30,1.0,-1,-1,-1
189,8,596,144,70,70,1.0,-1,-1,-1
189,18,728,109,49,38,1.0,-1,-1,-1
190,3,573,190,78,60,1.0,-1,-1,-1
190,5,595,148,76,30,1.0,-1,-1,-1
190,8,596,144,70,70,1.0,-1,-1,-1
190,18,723,107,49,38,1.0,-1,-1,-1
190,20,707,43,22,10,1.0,-1,-1,-1
191,3,573,188,78,61,1.0,-1,-1,-1
191,5,595,148,77,31,1.0,-1,-1,-1
191,8,597,144,69,70,1.0,-1,-1,-1
191,18,720,105,47,37,1.0,-1,-1,-1
191,20,701,43,23,10,1.0,-1,-1,-1
192,3,574,188,79,62,1.0,-1,-1,-1
192,5,594,148,78,32,1.0,-1,-1,-1
192,8,597,144,69,70,1.0,-1,-1,-1
192,18,717,103,46,37,1.0,-1,-1,-1
192,20,696,43,23,9,1.0,-1,-1,-1
193,3,574,188,79,62,1.0,-1,-1,-1
193,5,594,148,79,32,1.0,-1,-1,-1
193,8,597,145,69,70,1.0,-1,-1,-1
193,18,712,102,47,36,1.0,-1,-1,-1
193,20,691,43,23,9,1.0,-1,-1,-1
194,3,575,189,77,61,1.0,-1,-1,-1
194,5,593,149,80,32,1.0,-1,-1,-1
194,8,597,145,69,70,1.0,-1,-1,-1
194,18,708,100,45,36,1.0,-1,-1,-1
194,20,686,43,23,9,1.0,-1,-1,-1
195,3,574,189,79,61,1.0,-1,-1,-1
195,5,593,149,81,32,1.0,-1,-1,-1
195,8,597,145,69,70,1.0,-1,-1,-1
195,18,704,99,44,34,1.0,-1,-1,-1
195,20,681,42,22,10,1.0,-1,-1,-1
196,3,574,189,79,61,1.0,-1,-1,-1
196,5,593,149,81,33,1.0,-1,-1,-1
196,8,597,145,69,69,1.0,-1,-1,-1
196,18,700,97,44,35,1.0,-1,-1,-1
196,20,676,42,22,9,1.0,-1,-1,-1
197,3,573,189,80,62,1.0,-1,-1,-1
197,5,592,149,83,33,1.0,-1,-1,-1
197,8,597,145,68,69,1.0,-1,-1,-1
197,18,695,96,44,34,1.0,-1,-1,-1
197,20,671,42,22,9,1.0,-1,-1,-1
198,3,573,188,79,62,1.0,-1,-1,-1
198,8,597,145,68,69,1.0,-1,-1,-1
198,18,691,95,43,33,1.0,-1,-1,-1
198,20,666,42,22,9,1.0,-1,-1,-1
198,21,731,318,329,151,1.0,-1,-1,-1
199,3,573,188,78,61,1.0,-1,-1,-1
199,8,597,145,68,69,1.0,-1,-1,-1
199,18,687,94,41,32,1.0,-1,-1,-1
199,20,661,41,22,10,1.0,-1,-1,-1
199,21,593,307,324,148,1.0,-1,-1,-1
200,3,573,189,78,61,1.0,-1,-1,-1
200,8,597,144,68,70,1.0,-1,-1,-1
200,18,682,92,42,32,1.0,-1,-1,-1
200,20,656,41,22,9,1.0,-1,-1,-1
200,21,461,297,317,144,1.0,-1,-1,-1
